-5.888159259,35.87907257
-5.89243,35.88307
-5.894686893,35.88155793
-5.89186837,35.87817211
-5.890703801,35.87690272
-5.891040803,35.87697969
-5.89713,35.88439
-5.898149,35.87978344
-5.882200818,35.86586325
-5.9,35.87464984
-5.888375549,35.87174693
-5.898678,35.87702512
-5.885103,35.87729805
-5.885209,35.88473338
-5.884703965,35.88132043
-5.884892,35.87962469
-5.891723,35.87897331
-5.87526,35.86810744
-5.876792,35.86533628
-5.8825, 35.8642
-5.90733,35.86715
-5.899485,35.86413527
-5.90634,35.87145
-5.896851847,35.86461754